19 3104
20 3964
22 4082
24 4227
32 4928
33 5759
34 6429
40 7365
42 7810
46 8868
52 9265
58 9489
59 9639
67 10583
67 11435
67 12320
73 12655
76 13205
82 13926
87 14456
87 14873
89 15864
95 17060
96 17923
98 18549
99 19342
105 19708
106 20423
107 20950
108 21376
110 21780
112 22558
114 22722
129 23415
130 23633
132 23784
137 24546
139 25372
142 26287
151 26701
152 27369
162 27658
165 28429
166 29510
171 30415
173 31656
175 32145
177 32634
178 33604
178 33881
186 34400
188 35310
195 36247
195 36952
195 37140
197 37695
197 38215
197 38380
199 38574
207 39403
208 40467
212 41290
217 42425
218 43013
222 44010
229 44381
229 45522
230 45798
231 45910
234 47278
235 47679
239 48192
243 49508
246 50603
249 51198
251 52405
264 53197
266 53624
269 54992
270 55709
270 55796
274 56012
278 56488
278 57172
279 58127
280 58669
280 59341
285 60271
288 60647
298 61907
299 62332
302 62954
303 63427
311 64634
311 65194
317 65904
317 66219
341 66700
343 67210
345 68184
346 68750
352 69179
355 70074
356 71785
356 72068
357 72308
358 72615
363 73123
365 73760
367 74076
368 74328
369 74667
373 76023
389 76896
391 77524
391 78250
397 78704
397 80101
400 80682
401 81732
402 81977
404 82360
405 83417
408 84216
410 84592
413 85446
415 86196
416 86491
418 87493
423 87842
432 88866
432 90203
433 90957
438 92543
438 93396
439 93945
439 94457
441 94755
442 96032
450 96681
453 97980
454 99125
455 99777
457 99837
459 100233
459 100405
469 100997
473 101633
473 102085
475 102230
476 103539
476 104477
484 105244
487 105545
489 106504
490 107211
491 108254
495 109028
499 109479
502 110334
503 110861
505 111287
510 112374
511 112897
515 113311
517 113669
518 114067
520 114196
521 114797
522 115820
523 116872
531 117440
534 117787
534 117914
547 118686
547 118912
549 119949
550 121153
556 121661
558 122449
569 123001
575 123777
575 124075
583 124993
584 125361
585 125860
586 126276
588 126991
589 127914
592 128411
593 129000
596 129482
596 130582
603 131000
608 131656
608 132061
610 132371
611 133685
615 134024
617 134382
620 134677
621 135753
623 136319
624 137277
633 138128
635 139464
638 140787
646 142254
650 142486
664 143434
666 144102
673 144847
675 145543
689 146220
689 147793
689 148037
694 148348
702 149086
706 150447
708 151736
711 152470
711 152742
714 153045
726 153564
729 154030
753 154962
755 155841
760 156170
766 156422
772 156987
775 157626
776 158362
776 159101
784 160121
788 161324
788 161892
792 162904
794 163645
794 164506
795 165547
796 166760
800 167553
808 168545
809 168896
819 170038
824 170729
824 171406
825 172486
830 173010
833 173243
834 174186
840 174861
840 175854
845 176697
852 177439
857 178354
868 178879
870 179956
873 180793
875 181772
875 182821
876 184388
877 185184
881 185742
885 186402
890 186894
890 187556
893 188729
904 189428
925 190094
925 190349
926 191276
926 191602
929 192379
939 192692
945 193644
946 194052
946 194989
950 195658
951 196586
952 197039
964 197184
981 197693
981 198136
982 198775
989 200224
989 200704
989 202096
990 202742
997 202877
1000 203773
1000 204474
1002 204746
1003 205597
1004 205814
1019 205898
1043 205962
1044 207231
1065 207416
1069 207707
1071 207948
1082 208178
1098 208378
1101 208570
1107 208747
1114 209040
1127 209264
1131 209517
1137 209800
1161 210603
1175 210727
1178 211373
1180 211978
1223 212141
1246 212378
1251 212554
1264 213186
1266 213449
1281 213633
1296 213887
1315 214245
1317 215196
1322 215431
1325 215937
1332 216756
1341 217042
1348 218835
1354 219117
1355 220401
1357 220628
1368 222082
1374 222389
1374 222559
1385 223048
1391 223368
1398 223726
1405 224116
1408 225413
1414 226519
1428 226631
1451 226948
1452 227819
1460 228626
1466 228854
1466 228977
1484 229127
1511 229426
1517 229998
1519 230135
1520 230504
1525 230733
1537 230794
1549 230894
1557 231966
1557 232400
1574 232723
1585 232899
1585 233027
1591 233186
1595 233375
1599 234597
1626 234895
1630 235130
1653 236055
1701 237155
1708 237380
1710 238263
1722 239317
1738 239898
1738 240095
1738 240259
1743 241064
1761 242139
1783 243559
1783 243741
1784 244019
1788 244396
1797 244961
1802 245372
1806 245560
1809 246083
1815 246212
1815 246680
1847 247647
1853 247893
1858 248095
1862 249092
1862 249251
1878 250258
1884 250328
1888 250579
1892 250708
1913 251347
1913 251479
1927 251748
1963 252407
1970 252943
1977 253581
2011 254310
2026 254663
2036 254988
2037 256605
2044 256835
2065 257420
2081 258339
2093 258619
2094 259719
2103 259966
2123 260134
2141 260483
2144 260673
2152 261135
2152 261431
2153 261841
2153 262018
2171 262287
2172 262394
2173 262798
2206 262941
2210 263855
2213 263992
2213 264340
2224 265553
2230 266654
2238 267441
2248 267859
2254 268845
2258 268994
2270 269611
2276 271059
2284 272107
2284 272204
2286 272320
2291 272468
2302 273007
2321 273200
2325 273483
2336 273863
2361 274156
2365 274340
2373 276000
2382 277319
2398 277643
2404 277955
2418 278263
2421 279048
2424 279685
2437 279810
2451 280092
2472 280273
2475 280711
2480 281284
2482 281416
2489 281619
2493 282136
2513 282392
2524 283582
2533 284130
2539 284606
2539 284963
2548 286095
2561 287431
2562 287528
2575 287672
2579 288103
2592 288333
2624 288537
2627 288671
2634 289617
2664 290468
2678 290996
2683 291170
2685 292073
2705 292625
2725 292894
2729 293129
2736 294288
2737 294748
2742 295195
2760 295496
2764 295712
2767 296925
2773 297367
2774 297597
2776 297904
2782 298224
2786 299439
2789 299714
2803 299750
2804 300846
2835 301902
2846 303014
2857 303829
2863 305073
2867 305905
2870 306405
2877 307210
2879 307259
2898 307447
2911 308002
2915 308971
2931 309576
2933 310491
2937 311685
2946 312703
2948 312963
2968 313175
2974 313665
2976 313951
2988 314219
2990 314515
2993 314957
3000 316495
3014 316600
3015 317172
3032 317706
3033 318699
3040 318942
3041 319179
3042 319368
3046 320051
3049 320933
3059 321147
3069 321259
3073 321423
3081 321590
3084 322271
3104 322599
3113 322698
3119 323541
3132 323664
3133 323730
3154 323883
3159 324958
3165 325124
3171 325300
3173 325955
3185 326705
3202 326867
3219 327003
3219 327126
3231 327324
3234 328302
3255 328878
3263 329765
3267 330119
3274 330553
3298 331415
3300 331614
3307 331747
3313 331846
3328 332009
3333 332439
3334 332646
3339 332775
3351 332872
3366 334270
3377 334967
3378 335697
3386 335866
3393 336639
3398 336773
3410 337665
3439 338600
3440 339147
3460 339310
3467 340071
3511 340117
3512 340984
3530 341187
3550 341924
3551 342120
3568 342311
3570 342458
3578 342695
3579 342817
3583 343708
3584 344765
3590 344908
3591 345158
3595 345329
3601 345633
3632 346009
3638 346499
3642 347623
3643 347785
3647 348330
3686 349228
3711 349322
3713 349885
3723 350662
3737 350970
3761 351200
3769 351682
3774 351966
3780 352285
3824 352952
3831 353464
3843 354180
3851 354299
3853 354460
3858 355311
3859 355452
3860 356171
3865 356410
3913 356543
3920 356889
3928 357687
3933 357824
3936 359034
3940 359538
3950 361040
3963 361307
3968 361512
3985 362270
3990 362409
4001 362614
4008 362765
4013 363043
4019 364189
4023 364333
4028 365302
4035 365817
4037 366615
4039 366822
4040 367137
4043 367545
4045 367671
4046 368765
4057 368952
4068 369764
4069 370554
4070 371867
4071 372909
4071 373592
4076 373782
4084 373958
4089 374209
4089 374351
4095 375076
4096 375222
4096 375736
4096 376422
4104 377225
4107 378651
4110 379431
4113 380349
4115 380877
4118 381184
4125 381950
4126 382130
4128 382508
4128 382809
4139 383888
4141 384833
4143 386242
4143 386808
4147 387332
4152 387821
4156 388455
4157 389261
4160 390364
4163 390730
4167 391206
4169 392327
4172 393313
4172 393556
4175 394211
4176 394514
4180 395258
4182 395565
4186 396245
4189 396462
4193 397672
4203 397988
4207 398278
4209 399250
4214 399814
4215 399968
4216 400801
4216 401215
4217 402207
4218 402511
4224 403002
4231 403347
4232 404212
4238 405279
4241 406551
4241 407369
4243 408169
4249 408298
4250 408520
4253 409002
4256 409213
4259 410875
4264 412026
4265 412804
4265 413738
4266 414993
4266 416138
4268 417090
4271 417709
4272 418016
4272 418378
4273 419000
4273 419519
4279 419684
4282 420028
4289 420826
4290 421849
4291 422601
4297 423004
4297 423151
4303 424023
4310 424730
4316 425170
4319 425361
4327 425823
4327 426593
4334 426970
4335 427392
4337 427868
4351 428360
4351 428524
4358 428813
4359 429097
4362 429810
4366 431049
4369 431336
4369 432383
4369 433038
4382 433700
4385 434179
4388 435505
4389 436331
4404 437465
4407 438280
4409 439238
4414 439972
4416 440747
4418 441493
4430 442536
4432 442928
4439 443495
4440 444036
4441 444777
4446 444977
4459 445545
4467 446169
4472 446794
4474 447227
4475 447744
4483 447903
4494 448090
4495 448556
4497 449155
4499 449767
4500 450241
4508 451582
4515 452518
4523 453905
4523 454758
4528 455407
4529 456444
4529 456742
4534 457793
4536 458035
4538 458446
4538 459147
4539 459366
4545 459451
4550 460055
4558 460983
4559 461560
4559 462372
4561 463773
4561 465058
4564 466209
4565 466492
4569 466775
4575 467860
4586 468482
4587 469386
4588 470248
4589 470366
4595 470928
4597 471659
4608 472663
4609 473199
4610 473817
4614 474745
4614 475517
4615 476053
4617 476819
4617 477909
4619 478041
4627 478204
4628 478800
4630 479066
4632 480079
4641 480738
4647 481062
4656 481930
4657 483463
4657 484467
4661 485626
4662 486820
4663 487328
4665 487526
4668 487700
4677 488389
4687 488771
4689 489038
4691 489173
4693 490017
4694 490763
4696 491385
4697 491983
4697 492222
4700 492469
4710 492646
4711 493279
4715 494145
4718 495243
4727 495687
4730 497018
4747 497799
4751 498017
4753 499461
4759 500009
4760 500842
4761 501112
4762 502444
4762 502511
4772 502759
4775 503249
4777 504205
4778 504813
4778 504964
4780 505522
4781 506892
4784 507222
4786 508190
4789 508981
4790 509965
4790 510986
4793 511925
4795 512927
4796 513753
4802 514421
4804 514726
4807 515019
4812 516211
4813 516905
4820 517795
4828 518877
4830 519657
4830 520650
4832 521285
4833 521937
4837 522042
4842 523416
4843 524310
4845 524965
4852 525344
4857 525503
4860 525667
4865 525782
4868 526842
4869 527057
4878 527226
4879 527263
4883 528236
4886 528668
4887 529651
4889 530659
4892 530932
4894 531978
4895 532851
4898 533687
4902 534873
4910 535172
4910 535323
4913 536578
4922 537217
4922 537842
4923 538168
4923 538367
4924 539109
4933 540553
4933 541855
4936 542932
4938 543687
4943 544938
4946 545426
4946 546387
4952 547221
4952 548223
4953 548458
4955 549219
4959 549424
4963 550328
4963 550737
4970 551909
4971 552642
4974 553120
4974 553188
4977 554343
4978 554911
4988 556350
4988 557400
4991 558042
4992 558612
4996 558679
4998 560023
4999 560824
5000 561721
5014 561998
5015 563223
5016 563378
5018 564061
5023 564780
5023 564885
5037 565339
5048 565556
5050 567159
5054 567665
5055 568215
5061 568495
5067 568653
5068 568964
5072 569223
5092 569455
5093 570283
5100 570801
5108 571196
5118 571720
5120 571900
5121 572111
5127 572353
5130 572551
5144 573142
5144 573316
5145 573357
5152 573508
5159 573628
5168 573682
5185 573808
5187 573938
5190 574067
5210 575208
5219 575354
5232 576046
5255 576980
5275 577339
5296 577892
5298 578539
5303 578835
5314 578984
5317 579083
5328 579523
5333 580505
5334 580705
5339 580889
5345 581062
5356 581194
5361 582313
5366 583273
5373 583586
5375 583753
5392 584321
5403 584770
5412 584969
5420 585197
5424 585337
5435 586236
5439 586330
5449 587010
5468 587343
5483 587589
5494 587882
5496 588027
5501 588369
5519 588520
5526 590341
5541 590906
5566 591045
5585 592206
5610 593361
5670 593437
5677 594334
5678 594518
5679 594792
5683 595074
5691 595478
5700 596338
5706 597005
5755 597840
5757 598491
5761 599234
5762 599874
5776 600034
5786 600193
5794 601399
5799 602706
5801 603633
5814 604308
5816 604541
5819 604893
5826 605773
5836 606078
5840 606160
5846 607142
5863 607319
5871 607769
5889 609096
5901 609423
5909 609778
5913 610072
5936 610765
5937 611738
5938 612565
5939 613867
5946 614480
5957 615246
5969 615339
5974 615999
5976 617039
5995 617511
6008 618132
6018 618310
6028 619386
6039 619665
6054 620084
6069 620423
6074 620603
6078 621217
6080 621929
6083 622053
6085 622695
6089 623697
6098 624817
6103 626044
6117 627284
6126 627744
6128 628741
6144 628896
6165 629171
6170 630614
6187 631937
6189 632215
6196 632940
6209 633462
6231 633667
6242 634371
6250 634720
6281 636523
6283 636647
6283 636750
6286 637785
6289 638363
6291 638585
6291 638785
6294 638983
6304 639244
6318 639537
6330 640337
6338 641771
6342 642008
6343 642875
6344 643971
6350 644688
6354 645217
6373 645488
6374 646077
6384 647127
6432 648531
6455 648797
6458 649843
6462 650700
6463 651410
6466 652652
6491 652818
6506 652929
6514 653744
6516 653850
6518 654346
6526 655008
6533 655537
6551 655698
6559 656813
6564 657038
6578 657805
6586 658088
6595 658514
6607 658775
6611 658840
6618 659053
6632 659330
6651 660168
6653 660407
6661 660850
6672 661027
6681 662364
6684 662540
6698 662708
6717 662881
6723 663680
6771 663906
6795 664391
6803 664599
6805 664908
6814 665200
6820 665372
6827 665849
6827 666337
6832 667083
6851 667320
6851 667488
6854 667719
6862 668795
6864 669054
6865 670203
6888 670374
6888 670475
6892 671594
6896 672219
6898 672680
6913 673113
6914 673577
6921 673850
6922 674674
6923 674887
6929 675163
6933 676451
6935 677444
6970 678948
6974 680452
6977 680535
6983 682046
7015 682278
7029 683361
7050 683499
7052 683634
7060 683935
7062 685056
7065 686045
7069 686270
7076 687390
7081 687501
7105 687630
7115 687818
7117 688816
7128 689272
7133 689433
7137 689631
7143 690517
7155 691286
7156 692914
7165 693631
7169 694767
7194 695037
7202 695788
7203 696680
7205 697311
7220 697549
7227 698634
7241 698895
7244 698990
7261 699322
7273 699449
7277 700089
7302 700717
7324 701444
7330 702342
7377 703638
7385 703873
7390 704447
7390 704612
7395 705528
7400 705729
7403 706016
7405 707162
7407 708023
7413 709412
7418 711182
7422 711357
7436 711472
7441 711703
7451 712109
7464 712339
7466 712601
7470 712786
7478 713272
7482 713808
7485 714173
7504 714325
7508 714819
7521 715072
7522 715106
7539 716273
7541 717029
7546 717609
7549 718440
7557 718742
7569 718986
7576 720022
7591 720909
7621 721472
7626 722511
7634 722589
7635 722870
7642 724004
7644 724217
7651 724309
7659 724416
7659 724489
7665 725529
7679 725825
7682 726006
7687 726696
7707 727212
7710 727336
7724 727491
7726 727751
7727 728666
7734 729042
7735 729964
7737 730204
7750 730352
7753 730677
7797 731558
7798 731787
7801 733025
7802 733520
7802 734589
7802 734737
7813 734972
7816 735441
7824 736050
7856 736609
7858 736754
7863 736960
7863 737057
7863 737243
7888 737422
7896 737651
7898 737913
7899 738386
7913 739095
7928 740271
7934 740944
7947 742011
7950 742306
7953 742868
7956 744010
7971 745481
7992 746485
7992 747044
8000 747821
8002 748893
8016 749909
8021 750435
8023 750636
8037 750738
8039 750880
8060 751220
8065 751707
8069 752956
8075 753261
8091 753575
8092 754605
8098 754824
8100 755832
8103 756007
8130 756456
8130 756669
8139 757780
8141 758058
8146 758229
8148 758402
8164 758501
8171 758729
8172 758866
8172 759022
8179 759213
8190 760311
8204 760640
8209 760822
8215 760994
8221 762048
8227 762973
8235 763178
8241 764107
8241 764275
8247 765258
8254 766145
8261 766852
8266 766988
8267 767277
8273 767588
8273 767763
8273 767944
8277 768956
8280 769123
8281 769227
8289 770266
8296 770605
8299 772030
8304 772207
8309 772390
8314 773022
8327 773654
8336 773783
8340 773969
8342 774597
8363 775334
8387 776120
8412 776793
8417 777114
8426 777373
8427 777629
8448 778082
8454 779190
8468 780035
8496 780666
8501 781838
8504 782996
8506 783682
8512 784198
8522 784899
8528 785751
8528 785907
8540 785985
8541 786214
8570 787231
8575 787424
8579 787967
8580 788157
8584 789631
8589 789791
8603 790009
8605 790336
8635 790597
8650 791652
8657 791850
8658 792875
8665 793958
8678 794258
8698 794364
8699 794441
8703 795658
8711 795897
8712 796237
8761 796438
8763 796619
8767 797493
8775 798147
8784 798313
8823 798369
8825 799288
8836 799409
8837 800761
8838 801157
8858 801321
8862 802035
8862 802279
8876 802523
8880 802663
8884 802877
8895 802952
8906 803958
8910 805562
8922 805751
8923 806134
8926 806660
8946 807081
8948 807225
8960 807457
8981 807617
8982 807972
8986 808666
8990 808813
8995 809051
8995 809220
8999 809451
9004 809736
9018 809923
9021 810126
9025 810325
9044 811006
9064 811549
9095 811683
9101 811904
9116 812156
9126 812617
9132 813602
9156 813791
9162 815479
9163 816208
9166 816725
9187 817795
9203 817977
9233 819139
9233 819846
9235 820667
9236 820841
9239 821144
9244 821327
9251 822169
9252 822337
9252 822551
9261 823385
9265 824686
9275 825282
9275 826775
9284 826955
9287 827230
9288 828085
9288 828272
9305 829279
9311 830451
9325 831510
9327 831732
9334 831858
9354 832071
9373 832309
9383 833474
9390 834388
9401 835586
9405 836825
9409 836943
9448 837152
9456 837284
9457 837371
9458 837854
9465 838943
9477 840202
9489 840874
9490 842066
9491 843059
9491 843320
9496 843762
9496 844368
9516 845080
9543 845202
9558 845841
9564 845911
9573 846599
9575 847787
9585 848026
9593 849336
9593 849423
9596 850190
9599 850692
9599 850813
9638 851648
9645 852151
9658 853104
9668 854043
9690 854905
9690 855174
9713 855780
9725 856596
9737 856722
9740 856879
9750 857189
9766 857644
9786 857743
9786 857938
9812 859362
9813 859528
9814 859831
9816 860563
9835 860763
9836 861196
9839 861517
9841 861680
9848 862770
9852 862963
9857 863147
9877 864073
9886 864240
9903 864468
9911 865143
9917 866462
9918 866874
9921 867114
9936 867817
9944 867979
9945 868221
9946 868451
9970 869496
9981 869669
9997 870595
